267 R 0.911 35.2 50.3 33.4
268 K 0.839 34.6 46.6 34.3
269 R 0.887 38.3 45.8 34.6
270 M 0.468 38.6 48.7 37.0
271 R 0.762 35.5 47.6 39.0
272 N 0.777 36.9 44.1 39.6
273 R 0.746 40.3 45.6 40.5
274 I 0.521 38.6 47.3 43.5
275 A 0.462 36.6 44.3 44.4
276 A 0.340 39.8 42.3 44.7
277 S 0.477 41.5 45.1 46.5
278 K 0.571 38.7 45.2 49.0
279 S 0.562 38.5 41.4 49.3
280 R 0.685 42.2 41.3 50.2
281 K 0.732 41.9 44.2 52.7
282 R 0.702 39.0 42.3 54.2
283 K 0.785 41.1 39.1 55.0
284 L 0.762 43.4 41.4 56.9
285 E 0.510 40.8 43.1 59.1
286 R 0.706 39.4 39.7 59.9
287 I 0.592 42.6 38.2 61.1
288 A 0.311 43.1 41.4 63.1
289 R 0.669 39.6 41.3 64.7
290 L 0.512 40.1 37.7 65.7
291 E 0.557 43.4 38.6 67.5
292 E 0.598 41.9 41.4 69.5
293 K 0.590 39.1 38.9 70.2
294 V 0.514 41.4 36.2 71.4
295 K 0.717 43.1 38.6 73.7
296 T 0.556 39.8 39.7 75.4
297 L 0.512 38.4 36.2 75.7
298 K 0.776 41.5 35.0 77.6
299 A 0.509 41.1 38.0 79.9
300 Q 0.525 37.4 37.5 80.5
301 N 0.650 37.9 33.8 81.1
302 S 0.562 40.6 34.7 83.7
303 E 0.732 38.2 37.0 85.6
304 L 0.652 35.5 34.4 85.2
305 A 0.491 37.8 31.7 86.5
306 S 0.585 38.3 33.8 89.6
307 T 0.521 34.7 34.5 90.2
308 A 0.387 34.0 30.8 89.8
309 N 0.548 36.6 30.2 92.6
310 M 0.505 35.4 32.9 95.0
311 L 0.555 31.9 31.6 94.8
312 R 0.633 33.3 28.1 95.0
313 E 0.680 34.9 28.7 98.4
314 Q 0.394 31.9 30.5 99.8
315 V 0.775 29.4 27.8 98.9
316 A 0.811 31.7 25.2 100.5
317 Q 0.763 31.5 27.1 103.8
318 L 1.238 27.7 27.6 103.9
